1773314641347 67.86141204833984 0
1773314642139 17.510622024536133 1
1773314642934 11.33582878112793 2
1773314643624 10.164185523986816 3
1773314644331 9.707422256469727 4
1773314645014 9.041732788085938 5
1773314645757 8.462770462036133 6
1773314646485 8.401074409484863 7
1773314647242 8.083334922790527 8
1773314648064 7.905673503875732 9
1773314648707 7.702720642089844 10
1773314649599 7.581849098205566 11
1773314650372 7.437204837799072 12
1773314651087 7.65946102142334 13
1773314651723 7.3971734046936035 14
1773314652465 7.302398681640625 15
1773314653107 7.398221015930176 16
1773314653781 7.391782283782959 17
1773314654442 7.452934741973877 18
1773314655048 7.214163780212402 19
1773314655681 7.441961288452148 20
1773314656503 7.295681476593018 21
1773314657157 7.1708502769470215 22
1773314657714 7.1354594230651855 23
1773314658238 7.113511562347412 24
1773314658739 7.233719348907471 25
1773314659333 6.873055458068848 26
1773314660017 6.991601943969727 27
1773314660739 6.934214115142822 28
1773314661488 6.975437641143799 29
1773314662181 7.082181453704834 30
1773314662958 7.053888320922852 31
1773314663757 7.155536651611328 32
1773314664515 6.95448112487793 33
1773314665306 6.761492729187012 34
1773314666030 7.056713104248047 35
1773314666810 6.581196308135986 36
1773314667631 6.751377582550049 37
1773314668206 6.6568098068237305 38
1773314668764 6.516278266906738 39
1773314669457 6.909069538116455 40
1773314669890 6.915719032287598 41
1773314670407 6.834261894226074 42
1773314670940 6.731265544891357 43
1773314671564 6.8314714431762695 44
1773314672096 6.578134536743164 45
1773314672806 6.411896705627441 46
1773314673540 6.456228256225586 47
1773314674065 6.535982608795166 48
1773314674664 6.580776691436768 49
1773314675299 6.468410491943359 50
1773314675797 6.717347621917725 51
1773314676339 6.661789894104004 52
1773314676908 6.502519607543945 53
1773314677542 6.536945343017578 54
1773314678115 6.266820430755615 55
1773314678755 6.284505367279053 56
1773314679415 6.506260395050049 57
1773314680091 6.499317169189453 58
1773314680730 6.423917293548584 59
1773314681382 6.579724311828613 60
1773314682210 6.472320079803467 61
1773314682865 6.196555137634277 62
1773314683538 6.21380615234375 63
1773314684133 6.166962623596191 64
1773314684881 6.243453025817871 65
1773314685556 6.24098014831543 66
1773314686216 6.083393573760986 67
1773314686923 6.107183933258057 68
1773314687664 6.384302139282227 69
1773314688355 6.061286449432373 70
1773314688980 6.259560585021973 71
1773314689597 6.128685474395752 72
1773314690154 6.257421493530273 73
1773314690772 6.283432960510254 74
1773314691304 6.131844997406006 75
1773314691829 5.983678817749023 76
1773314692423 6.144940376281738 77
1773314693005 5.92778205871582 78
1773314693523 6.087975025177002 79
1773314694080 6.05917501449585 80
1773314694647 5.8076653480529785 81
1773314695198 6.112426280975342 82
1773314695738 5.989315509796143 83
1773314696613 5.991034984588623 84
1773314697264 5.937684059143066 85
1773314697879 5.89218282699585 86
1773314698479 5.953148365020752 87
1773314699147 5.957311153411865 88
1773314699772 6.0409674644470215 89
1773314700430 6.046745777130127 90
1773314701031 5.982640266418457 91
1773314701647 5.870865345001221 92
1773314702297 5.81549072265625 93
1773314702907 5.973181247711182 94
1773314703571 6.066425323486328 95
1773314704197 5.907008171081543 96
1773314704805 5.798496723175049 97
1773314705538 5.894266128540039 98
1773314706213 5.897047996520996 99
