1773314641351 6.900917053222656 0
1773314642149 2.858109951019287 1
1773314642943 2.2606821060180664 2
1773314643624 2.126816511154175 3
1773314644332 2.102250099182129 4
1773314645022 2.0420026779174805 5
1773314645757 1.9939630031585693 6
1773314646489 1.9995355606079102 7
1773314647250 1.959596037864685 8
1773314648066 1.9334832429885864 9
1773314648715 1.9259979724884033 10
1773314649607 1.910014271736145 11
1773314650375 1.8894617557525635 12
1773314651089 1.9111084938049316 13
1773314651723 1.8830676078796387 14
1773314652465 1.8833622932434082 15
1773314653116 1.8987153768539429 16
1773314653789 1.8736025094985962 17
1773314654442 1.904240369796753 18
1773314655049 1.8743369579315186 19
1773314655681 1.8949509859085083 20
1773314656515 1.8791859149932861 21
1773314657165 1.880052924156189 22
1773314657717 1.882367491722107 23
1773314658240 1.8631175756454468 24
1773314658739 1.8692214488983154 25
1773314659333 1.8339729309082031 26
1773314660022 1.8572146892547607 27
1773314660748 1.8542741537094116 28
1773314661491 1.8639533519744873 29
1773314662183 1.8701907396316528 30
1773314662963 1.880439043045044 31
1773314663764 1.879156470298767 32
1773314664516 1.8451555967330933 33
1773314665309 1.8429441452026367 34
1773314666037 1.8687323331832886 35
1773314666820 1.8185003995895386 36
1773314667631 1.8354641199111938 37
1773314668208 1.8246383666992188 38
1773314668764 1.8114211559295654 39
1773314669457 1.8342489004135132 40
1773314669896 1.8631806373596191 41
1773314670413 1.8519954681396484 42
1773314670948 1.8285207748413086 43
1773314671564 1.8554402589797974 44
1773314672098 1.8238046169281006 45
1773314672816 1.789235234260559 46
1773314673548 1.8139766454696655 47
1773314674071 1.808724284172058 48
1773314674673 1.808206558227539 49
1773314675307 1.802675724029541 50
1773314675806 1.8358473777770996 51
1773314676342 1.8398898839950562 52
1773314676913 1.8003973960876465 53
1773314677549 1.8148934841156006 54
1773314678124 1.7940617799758911 55
1773314678755 1.7952754497528076 56
1773314679424 1.8074736595153809 57
1773314680091 1.8101547956466675 58
1773314680737 1.8072633743286133 59
1773314681382 1.8288249969482422 60
1773314682217 1.8023213148117065 61
1773314682871 1.765627145767212 62
1773314683541 1.7738784551620483 63
1773314684141 1.7710309028625488 64
1773314684890 1.7726596593856812 65
1773314685556 1.7824703454971313 66
1773314686223 1.7566664218902588 67
1773314686929 1.750157356262207 68
1773314687664 1.7946562767028809 69
1773314688363 1.7454113960266113 70
1773314688980 1.7732337713241577 71
1773314689601 1.7659763097763062 72
1773314690158 1.7791907787322998 73
1773314690780 1.7709921598434448 74
1773314691307 1.7591124773025513 75
1773314691837 1.7448924779891968 76
1773314692423 1.7491099834442139 77
1773314693012 1.7300071716308594 78
1773314693529 1.7485061883926392 79
1773314694080 1.7439682483673096 80
1773314694654 1.7072383165359497 81
1773314695204 1.7628076076507568 82
1773314695746 1.7306585311889648 83
1773314696613 1.7418819665908813 84
1773314697264 1.7318333387374878 85
1773314697881 1.7293378114700317 86
1773314698482 1.748294472694397 87
1773314699147 1.739243984222412 88
1773314699779 1.7552188634872437 89
1773314700439 1.7462483644485474 90
1773314701038 1.7431988716125488 91
1773314701654 1.7316354513168335 92
1773314702306 1.7191314697265625 93
1773314702915 1.7320045232772827 94
1773314703577 1.7304723262786865 95
1773314704204 1.7308133840560913 96
1773314704814 1.7017896175384521 97
1773314705548 1.7282122373580933 98
1773314706214 1.7399365901947021 99
