1773323463063 86.5267333984375 0
1773323463564 18.321895599365234 1
1773323463820 11.538506507873535 2
1773323464028 9.980842590332031 3
1773323464233 10.005057334899902 4
1773323464479 9.086677551269531 5
1773323464772 8.578216552734375 6
1773323465020 8.545101165771484 7
1773323465330 8.242572784423828 8
1773323465701 8.189932823181152 9
1773323466222 7.890861988067627 10
1773323466928 7.76600980758667 11
1773323467579 7.714609146118164 12
1773323468140 7.746424674987793 13
1773323468675 7.850088596343994 14
1773323468882 7.381947040557861 15
1773323469183 7.439704895019531 16
1773323469490 7.491083145141602 17
1773323469750 7.5214524269104 18
1773323470142 7.281588077545166 19
1773323470726 7.555964469909668 20
1773323470935 7.337733745574951 21
1773323471272 7.511261940002441 22
1773323471802 7.383525848388672 23
1773323472087 7.379734516143799 24
1773323472418 7.14872932434082 25
1773323472735 7.412616729736328 26
1773323473016 7.192697048187256 27
1773323473589 7.075164794921875 28
1773323474273 7.383733749389648 29
1773323474949 7.2473297119140625 30
1773323475420 7.034298896789551 31
1773323475685 7.133521556854248 32
1773323475909 7.027347564697266 33
1773323476147 6.847327709197998 34
1773323476471 7.083813667297363 35
1773323476768 7.17850399017334 36
1773323477144 6.987147331237793 37
1773323477857 6.896885395050049 38
1773323478257 6.850974082946777 39
1773323478696 7.006645679473877 40
1773323479303 6.70320463180542 41
1773323479982 6.956999778747559 42
1773323480439 7.071256637573242 43
1773323480819 6.7272539138793945 44
1773323481265 6.7639031410217285 45
1773323481623 6.844669818878174 46
1773323482069 6.909956932067871 47
1773323482483 6.743046283721924 48
1773323482740 6.765508651733398 49
1773323482942 6.769192695617676 50
1773323483121 6.566624641418457 51
1773323483317 6.410309314727783 52
1773323483510 6.7491350173950195 53
1773323483723 6.571750164031982 54
1773323483927 6.666297912597656 55
1773323484235 6.645881652832031 56
1773323484515 6.682576656341553 57
1773323484849 6.600211143493652 58
1773323485325 6.56195068359375 59
1773323485737 6.523797512054443 60
1773323486197 6.5159173011779785 61
1773323486850 6.421121597290039 62
1773323487061 6.552343845367432 63
1773323487285 6.477628231048584 64
1773323487485 6.370838165283203 65
1773323487664 6.180480003356934 66
1773323487902 6.58831262588501 67
1773323488192 6.788382530212402 68
1773323488521 6.448764801025391 69
1773323488955 6.511469841003418 70
1773323489488 6.291647911071777 71
1773323489946 6.538328647613525 72
1773323490158 6.412600517272949 73
1773323490385 6.220616817474365 74
1773323490592 6.336796283721924 75
1773323490849 6.211350440979004 76
1773323491080 6.25894021987915 77
1773323491442 6.213157653808594 78
1773323491916 6.2311482429504395 79
1773323492334 6.287971496582031 80
1773323492907 6.108895301818848 81
1773323493392 6.212152004241943 82
1773323493875 6.202332973480225 83
1773323494365 6.081435680389404 84
1773323494766 6.407250881195068 85
1773323495092 6.04868745803833 86
1773323495475 6.359758377075195 87
1773323495716 6.035373210906982 88
1773323496119 6.263383865356445 89
1773323496639 6.117581367492676 90
1773323496971 6.1094818115234375 91
1773323497168 5.9952874183654785 92
1773323497356 6.229681491851807 93
1773323497543 5.758596897125244 94
1773323497716 6.188192844390869 95
1773323497911 6.027817726135254 96
1773323498118 5.864362716674805 97
1773323498494 5.821183204650879 98
1773323498965 5.855947494506836 99
