1773323463068 8.124689102172852 0
1773323463567 3.083411931991577 1
1773323463823 2.3990941047668457 2
1773323464030 2.1610398292541504 3
1773323464234 2.1068472862243652 4
1773323464481 2.084611654281616 5
1773323464774 2.0390000343322754 6
1773323465022 1.9891047477722168 7
1773323465331 1.9822847843170166 8
1773323465705 1.9879206418991089 9
1773323466226 1.9638479948043823 10
1773323466931 1.961734414100647 11
1773323467584 1.9278671741485596 12
1773323468144 1.9362568855285645 13
1773323468677 1.9623628854751587 14
1773323468883 1.8990501165390015 15
1773323469185 1.922625184059143 16
1773323469492 1.9356893301010132 17
1773323469752 1.9231932163238525 18
1773323470147 1.8890026807785034 19
1773323470729 1.9431402683258057 20
1773323470937 1.9224562644958496 21
1773323471275 1.9231055974960327 22
1773323471804 1.9153788089752197 23
1773323472089 1.9150123596191406 24
1773323472421 1.8814617395401 25
1773323472738 1.9117363691329956 26
1773323473021 1.8898588418960571 27
1773323473591 1.8813430070877075 28
1773323474278 1.922644019126892 29
1773323474956 1.9122092723846436 30
1773323475423 1.87459397315979 31
1773323475688 1.8844964504241943 32
1773323475910 1.8652547597885132 33
1773323476156 1.864134430885315 34
1773323476474 1.887209415435791 35
1773323476770 1.895006537437439 36
1773323477147 1.8798177242279053 37
1773323477859 1.861666202545166 38
1773323478259 1.8680095672607422 39
1773323478698 1.913719892501831 40
1773323479309 1.8649389743804932 41
1773323479983 1.8804970979690552 42
1773323480443 1.8934011459350586 43
1773323480822 1.859948992729187 44
1773323481267 1.8571431636810303 45
1773323481627 1.8570303916931152 46
1773323482072 1.8666514158248901 47
1773323482485 1.8594410419464111 48
1773323482741 1.8655750751495361 49
1773323482944 1.8392881155014038 50
1773323483123 1.8232606649398804 51
1773323483318 1.810610055923462 52
1773323483512 1.8452895879745483 53
1773323483725 1.8402920961380005 54
1773323483929 1.8376061916351318 55
1773323484239 1.8186033964157104 56
1773323484516 1.8273640871047974 57
1773323484851 1.8276861906051636 58
1773323485328 1.8223857879638672 59
1773323485739 1.8219143152236938 60
1773323486200 1.8111777305603027 61
1773323486852 1.7968424558639526 62
1773323487063 1.828899621963501 63
1773323487287 1.826096773147583 64
1773323487486 1.8148598670959473 65
1773323487667 1.7748106718063354 66
1773323487903 1.8272284269332886 67
1773323488194 1.8506165742874146 68
1773323488523 1.8041118383407593 69
1773323488959 1.8086678981781006 70
1773323489491 1.7875360250473022 71
1773323489947 1.8259466886520386 72
1773323490159 1.8125388622283936 73
1773323490386 1.7935452461242676 74
1773323490594 1.8031069040298462 75
1773323490851 1.7456408739089966 76
1773323491082 1.7691394090652466 77
1773323491447 1.7618820667266846 78
1773323491918 1.7715469598770142 79
1773323492337 1.7927367687225342 80
1773323492912 1.7433111667633057 81
1773323493395 1.7693003416061401 82
1773323493879 1.7794638872146606 83
1773323494367 1.7491368055343628 84
1773323494770 1.8076066970825195 85
1773323495097 1.7596032619476318 86
1773323495477 1.7843222618103027 87
1773323495718 1.7613190412521362 88
1773323496122 1.7876884937286377 89
1773323496642 1.7605082988739014 90
1773323496972 1.756041169166565 91
1773323497170 1.7313647270202637 92
1773323497358 1.7877562046051025 93
1773323497545 1.7107380628585815 94
1773323497718 1.7585198879241943 95
1773323497914 1.7446712255477905 96
1773323498120 1.7167500257492065 97
1773323498498 1.6959333419799805 98
1773323498969 1.7152962684631348 99
